16
00.jpg 1920 1080 934.872474 0.776083 -0.010235 -0.582897 -0.240461 -0.707329 -0.067758 0.863636 0
01.jpg 1920 1080 934.625417 0.639003 -0.024361 -0.703003 -0.311237 -0.710024 -0.167922 1.082366 0
02.jpg 1920 1080 934.769453 -0.477394 0.037558 0.796095 0.370023 -0.621602 -0.271641 1.280545 0
03.jpg 1920 1080 934.744773 -0.297492 0.049254 0.858547 0.414692 -0.454986 -0.363023 1.427784 0
04.jpg 1920 1080 934.123890 -0.105896 0.059079 0.888090 0.443387 -0.234964 -0.427624 1.501780 0
05.jpg 1920 1080 935.280237 0.089724 0.066635 0.883553 0.454800 0.003896 -0.457327 1.492757 0
06.jpg 1920 1080 934.860607 0.281764 0.071626 0.844958 0.448915 0.225420 -0.445138 1.399362 0
07.jpg 1920 1080 934.609120 0.462937 0.073930 0.773875 0.425841 0.395921 -0.394694 1.237465 0
08.jpg 1920 1080 934.580077 0.626295 0.073333 0.673173 0.386284 0.489657 -0.313034 1.031865 0
09.jpg 1920 1080 934.434045 0.765629 0.069948 0.546547 0.331974 0.492378 -0.212909 0.813441 0
10.jpg 1920 1080 934.311568 0.875549 0.063911 0.398935 0.264915 0.403747 -0.109448 0.615574 0
11.jpg 1920 1080 934.019708 0.951868 0.055458 0.235915 0.187658 0.237076 -0.018350 0.468145 0
12.jpg 1920 1080 934.374858 0.991602 0.044753 0.063888 0.103157 0.018084 0.046671 0.393476 0
13.jpg 1920 1080 935.206084 0.993230 0.032182 -0.110637 0.014749 -0.220662 0.075956 0.402500 0
14.jpg 1920 1080 935.114380 0.956648 0.018698 -0.280985 -0.074315 -0.442803 0.064004 0.495430 0
15.jpg 1920 1080 934.823643 0.883309 0.004340 -0.440447 -0.160480 -0.613472 0.013637 0.657662 0
