800.000000 800.000000 500.000000 489.000000 0.001000 0.100000 -0.100000 0.000000 0.000000 0.000000 
0.200000 0.000000 0.000000 0.000000 0.000000 -5.665100 
-0.100000 0.000000 0.000000 0.000000 0.000000 -5.187300 
0.000000 0.300000 0.000000 0.000000 0.000000 -5.897600 
0.138160 0.029000 0.000000 0.000000 0.000000 -5.915600 
0.024080 0.113240 0.000000 0.000000 0.000000 -5.156000 
-0.084680 -0.121600 0.000000 0.000000 0.000000 -5.119900 
-0.179720 -0.196840 0.000000 0.000000 0.000000 -5.149000 
0.109600 0.141840 0.000000 0.000000 0.000000 -5.888000 
-0.066680 -0.157160 0.000000 0.000000 0.000000 -5.066400 
-0.034360 -0.056560 0.000000 0.000000 0.000000 -5.939500 
