8.029740e+04 1.855796e+05 1.072257e+05 3.379996e+02 3.905845e+02 7.113789e-01 
1.337275e+05 2.584314e+05 1.248561e+05 4.023463e+02 3.887715e+02 6.052699e-01 
3.751907e+02 3.526741e+03 8.287718e+03 1.592382e+01 7.484085e+01 3.379189e-01 
1.472479e+02 -6.332460e+02 6.808252e+02 -8.597205e+00 1.848632e+01 2.509778e-01 
1.257313e+05 2.192038e+05 9.554166e+04 4.159038e+02 3.625496e+02 6.878792e-01 
2.577729e+04 -8.136745e+04 6.421021e+04 4.303550e-02 -6.792196e-02 3.592414e-08 
1.516284e+05 2.313292e+05 8.823086e+04 4.327129e+02 3.300804e+02 6.174319e-01 
8.445097e+04 2.100949e+05 1.306671e+05 3.391864e+02 4.219095e+02 6.811490e-01 
5.453397e+04 -1.014159e+03 4.715035e+00 1.965469e+02 -1.827575e+00 3.541893e-01 
6.913966e+04 2.174735e+05 1.710115e+05 2.074800e+02 3.263062e+02 3.113115e-01 
1.350304e+05 2.479991e+05 1.138699e+05 4.150045e+02 3.811022e+02 6.377406e-01 
6.713006e+04 2.118810e+05 1.671887e+05 2.705189e+02 4.269161e+02 5.450649e-01 
1.121588e+03 -5.549081e+03 6.863546e+03 -2.446273e+01 6.051493e+01 2.667758e-01 
1.265344e+03 5.200551e+03 5.343553e+03 2.943031e+01 6.047916e+01 3.422562e-01 
1.344257e+04 3.315986e+04 2.044952e+04 1.150293e+02 1.418761e+02 4.921587e-01 
1.740363e+05 2.293616e+05 7.556864e+04 3.780924e+02 2.491431e+02 4.107013e-01 
